00000000
00000000
00100000
00100000
00100008
00100008
00100010
00100010
00100018
00100018
00100020
00100020
00100028
00100028
00100030
00100030
00100038
00100038
00100040
00100040
00100048
00100048
00100050
00100050
00100058
00100058
00100060
00100060
00100068
00100068
00100070
00100070
00100078
00100078
00100080
00100080
00100088
00100088
00100090
00100090
00100098
00100098
001000a0
001000a0
001000a8
001000a8
001000b0
001000b0
001000b8
001000b8
001000c0
001000c0
001000c8
001000c8
001000d0
001000d0
001000d8
001000d8
001000e0
001000e0
001000e8
001000e8
001000f0
001000f0
001000f8
001000f8
00100100
00100100
00100108
00100108
00100110
00100110
00100118
00100118
00100120
00100120
00100128
00100128
00100130
00100130
00100138
00100138
00100140
00100140
00100148
00100148
00100150
00100150
00100158
00100158
00100160
00100160
00100168
00100168
00100170
00100170
00100178
00100178
00100180
00100180
00100188
00100188
00100190
00100190
00100198
00100198
001001a0
001001a0
001001a8
001001a8
001001b0
001001b0
001001b8
001001b8
001001c0
001001c0
001001c8
001001c8
001001d0
001001d0
001001d8
001001d8
001001e0
001001e0
001001e8
001001e8
001001f0
001001f0
001001f8
001001f8
00100200
00100200
00100208
00100208
00100210
00100210
00100218
00100218
00100220
00100220
00100228
00100228
00100230
00100230
00100238
00100238
00100240
00100240
00100248
00100248
00100250
00100250
00100258
00100258
00100260
00100260
00100268
00100268
00100270
00100270
00100278
00100278
00100280
00100280
00100288
00100288
00100290
00100290
00100298
00100298
001002a0
001002a0
001002a8
001002a8
001002b0
001002b0
001002b8
001002b8
001002c0
001002c0
001002c8
001002c8
001002d0
001002d0
001002d8
001002d8
001002e0
001002e0
001002e8
001002e8
001002f0
001002f0
001002f8
001002f8
00100300
00100300
00100308
00100308
00100310
00100310
00100318
00100318
00100320
00100320
00100328
00100328
00100330
00100330
00100338
00100338
00100340
00100340
00100348
00100348
00100350
00100350
00100358
00100358
00100360
00100360
00100368
00100368
00100370
00100370
00100378
00100378
00100380
00100380
00100388
00100388
00100390
00100390
00100398
00100398
001003a0
001003a0
001003a8
001003a8
001003b0
001003b0
001003b8
001003b8
001003c0
001003c0
001003c8
001003c8
001003d0
001003d0
001003d8
001003d8
001003e0
001003e0
001003e8
001003e8
001003f0
001003f0
001003f8
001003f8
00000000
001006f4
0010075c
001007c4
00000000
00000000
00000000
00000000
00000000
00000000
00000000
00000000
00000000
00000000
00000000
00000000
00000000
00000000
00000000
00000000
00000000
00000000
00000000
00000000
00000000
00000000
00000000
00000000
00000000
00000000
00000000
00000000
00000000
00000000
00000000
00000000
00000000
00000000
00000000
00000000
00000000
00000000
00000001
00000000
abcd330e
e66d1234
0005deec
0000000b
00000000
00000000
00000000
00000000
00000000
00000000
00000000
00000000
00000000
00000000
00000000
00000000
00000000
00000000
00000000
00000000
00000000
00000000
00000000
00000000
00000000
00000000
00000000
00000000
00000000
00000000
00000000
00000000
00000000
00000000
00000000
00000000
00000000
00000000
00000000
00000000
00000000
00000000
00000000
00000000
00000000
00000000
00000000
00000000
00000000
00000000
00000000
00000000
00000000
00000000
00000000
00000000
00000000
00000000
00000000
00000000
00000000
00000000
00000000
00000000
00000000
00000000
00000000
00000000
00000000
00000000
00000000
00000000
00000000
00000000
00000000
00000000
00000000
00000000
00000000
00000000
00000000
00000000
00000000
00000000
00000000
00000000
00000000
00000000
00000000
00000000
00000000
00000000
00000000
00000000
00000000
00000000
00000000
00000000
00000000
00000000
00000000
00000000
00000000
00000000
00000000
00000000
00000000
00000000
00000000
00000000
00000000
00000000
00000000
00000000
00000000
00000000
00000000
00000000
00000000
00000000
00000000
00000000
00000000
00000000
00000000
00000000
00000000
00000000
00000000
00000000
00000000
00000000
00000000
00000000
00000000
00000000
00000000
00000000
00000000
00000000
00000000
00000000
00000000
00000000
00000000
00000000
00000000
00000000
00000000
00000000
00000000
00000000
00000000
00000000
00000000
00000000
00000000
00000000
00000000
00000000
00000000
00000000
00000000
00000000
00000000
00000000
00000000
00000000
00000000
00000000
00000000
00000000
00000000
00000000
00000000
00000000
00000000
00000000
00000000
00000000
00000000
00000000
00000000
00000000
00000000
00000000
00000000
00000000
00000000
00000000
00000000
00000000
00000000
00000000
00000000
00000000
00000000
00000000
00000000
00000000
00000000
00000000
00000000
00000000
00000000
00000000
00000000
00000000
00000000
00000000
00000000
00000000
00000000
00000000
00000000
00000000
00000000
00000000
00000000
00000000
00000000
00000000
ffffffff
00020000
00100408
00100408
0010087c
